168.50 149.68
199.50 155.40
233.97 162.99
268.46 173.77
302.44 184.83
335.60 198.36
371.98 210.75
406.46 220.18
440.95 229.76
474.40 245.33
506.79 263.73
540.26 283.49
574.76 295.11
609.23 302.69
643.71 310.80
678.23 325.03
712.76 341.99
744.9 357.58
781.8 372.56
816.29 381.25
850.76 389.30
885.22 393.93
919.67 398.31
954.14 404.54
990.47 417.43
1023.68 430.60
1057.67 445.46
1090.49 457.92
1125.73 469.05
1161.27 478.98
1195.19 490.63
1231.00 504.53
1266.97 515.82
1296.74 521.64
1332.77 531.73
1368.12 541.55
1402.60 551.43
1437.06 555.91
1473.48 557.81
1505.94 560.88
1540.61 565.52
1574.82 564.75
1609.23 562.44
1643.64 559.75
1678.03 553.99
1712.38 541.77
1744.55 523.69
1770.25 505.12
1791.66 487.14
1814.13 468.14
1834.09 449.28
1842.13 430.28
1850.51 407.08
1860.33 380.79
1867.72 359.70
1877.86 337.49
1887.41 316.54
1895.90 297.59
1904.40 279.44
1911.81 260.97
1920.30 241.75
1927.05 220.68
1934.88 198.79
1943.36 176.78
1952.03 154.39
1956.19 132.25
1956.89 106.98
1960.95 79.11
1964.01 54.86
